10027
10986
3334
8999
32244
22152
5046
16510
10194
25359
7324
321
22657
13322
4448
17156
29227
58
30005
2187
5324
26647
24311
20639
13862
3527
6733
20426
5293
2856
1677
7551
32224
6622
27595
23725
26280
10029
32471
26591
28380
28098
25693
22243
23384
28889
16698
1821
9169
10402
11776
14708
10666
1813
6965
27490
3156
30728
3873
26629
24153
21981
19171
6250
2427
28722
27829
32585
8792
29045
15207
7511
23592
31212
7691
1173
31441
15682
25793
30044
9061
27920
16441
27595
29023
16523
28430
5286
10334
25620
27731
26477
20376
13223
13698
5612
20663
18815
29107
16223
2172
12378
26414
7865
16929
16624
25696
28397
15296
20073
24819
6709
5028
12220
498
20414
17554
30561
2431
3652
5724
30049
25426
16285
3480
14122
11964
28576
30873
1296
1866
14277
9921
19063
1731
9293
26833
5426
18206
1689
24369
3223
18092
24170
6842
18944
22363
14021
16638
3886
